
StuID	Name		Marks			Total	Average	Rank
1		Ffhp	7 42 58 63 79 86 	335		55.83	5
2		Aizymj	100 81 85 73 97 78 	514		85.67	1
3		Tyfdz	86 78 65 67 86 74 	456		76.00	3
4		Ypjml	93 82 77 89 80 84 	505		84.17	2
5		Oetuk	90 68 62 71 83 81 	455		75.83	4


StuID	Name		Marks			Total	Average	Rank
1		Bwwq	89 4 79 49 85 68 	374		62.33	5
2		Rjqr	40 100 96 78 83 95 	492		82.00	1
3		Pnmm	79 89 64 62 70 69 	433		72.17	4
4		Gtuk	75 66 82 78 77 72 	450		75.00	2
5		Txthvu	76 76 76 75 73 60 	436		72.67	3


StuID	Name		Marks			Total	Average	Rank
1		Ehihwx	42 95 69 8 89 9 	312		52.00	5
2		Zrhvh	68 65 70 72 80 73 	428		71.33	4
3		Xhpfa	76 88 100 81 77 72 	494		82.33	1
4		Echez	92 76 89 80 83 74 	494		82.33	2
5		Aocjy	89 74 85 88 66 87 	489		81.50	3

The latest Record added in:2019.10.27 9:41:6


StuID	Name		Marks			Total	Average	Rank
1		Fuqwa	36 63 99 55 85 60 	398		66.33	5
2		Txlja	45 98 99 76 69 75 	462		77.00	2
3		Dyryk	61 76 84 68 75 90 	454		75.67	3
4		Nzsk	88 71 69 62 68 81 	439		73.17	4
5		Hmti	72 78 89 75 74 87 	475		79.17	1

The latest Record added in:2019.10.27 9:41:21


StuID	Name		Marks			Total	Average	Rank
1		Xsucq	98 78 100 54 91 10 	431		71.83	4
2		Bytp	37 70 75 76 81 63 	402		67.00	5
3		Hedjn	68 74 85 78 60 78 	443		73.83	3
4		Isamn	64 85 84 88 63 79 	463		77.17	2
5		Fipchk	76 80 67 80 82 83 	468		78.00	1

The latest Record added in:2019.10.27 9:44:55


StuID	Name		Marks			Total	Average	Rank
1		Lfpe	68 50 13 23 78 65 	297		49.50	5
2		Ennar	98 68 70 77 67 80 	460		76.67	4
3		Kanljk	87 66 87 94 96 60 	490		81.67	1
4		Lwuwx	86 76 62 81 70 88 	463		77.17	2
5		Vxcgf	72 89 80 70 67 85 	463		77.17	3

The latest Record added in:2019.10.27 9:47:51


StuID	Name		Marks			Total	Average	Rank
1		Kxcn	52 33 96 42 82 91 	396		66.00	5
2		Whkxnr	74 94 74 71 80 60 	453		75.50	3
3		Moxdx	64 77 63 75 71 62 	412		68.67	4
4		Bkgzv	79 69 68 89 90 79 	474		79.00	1
5		Tlddkf	70 79 89 71 61 87 	457		76.17	2

The latest Record added in:2019.10.27 9:48:43


StuID	Name		Marks			Total	Average	Rank
1		Pngu	89 16 78 21 52 95 	351		58.50	88
2		Sjbqmi	55 23 38 21 53 22 	212		35.33	98
3		Fxvewq	15 83 3 49 78 75 	303		50.50	93
4		Irgt	51 100 11 83 63 4 	312		52.00	92
5		Sbmio	27 95 91 35 32 62 	342		57.00	89
6		Aiwjk	90 87 78 68 7 96 	426		71.00	72
7		Ugmz	28 28 85 32 49 4 	226		37.67	97
8		Ezccs	54 30 87 58 80 64 	373		62.17	87
9		Yflhy	99 97 63 10 79 26 	374		62.33	86
10		Idqm	81 6 20 37 7 18 	169		28.17	100
11		Lokzo	99 64 4 43 31 78 	319		53.17	91
12		Cgimmk	38 25 6 23 57 55 	204		34.00	99
13		Cdmajx	27 78 52 13 35 31 	236		39.33	96
14		Mhtsxf	77 100 94 5 76 73 	425		70.83	75
15		Qmksc	98 56 45 18 94 18 	329		54.83	90
16		Ezgt	36 92 82 7 0 79 	296		49.33	94
17		Keunqw	85 39 3 57 28 61 	273		45.50	95
18		Fhemcw	79 77 81 93 64 96 	490		81.67	13
19		Ulaiv	66 70 91 87 79 92 	485		80.83	17
20		Osqpa	83 88 84 94 78 98 	525		87.50	2
21		Stimja	86 79 77 67 61 76 	446		74.33	57
22		Sprxct	62 77 67 70 97 75 	448		74.67	56
23		Dpagzx	67 70 78 74 65 99 	453		75.50	50
24		Lscb	69 68 84 89 87 79 	476		79.33	26
25		Ekhow	70 90 91 88 90 98 	527		87.83	1
26		Gzjws	66 84 74 75 83 87 	469		78.17	34
27		Oeptv	90 95 85 95 75 70 	510		85.00	5
28		Xnaizs	79 74 91 75 64 66 	449		74.83	55
29		Lagv	86 80 93 79 70 92 	500		83.33	6
30		Uzoa	73 79 76 68 86 97 	479		79.83	24
31		Wvkw	89 75 74 63 73 91 	465		77.50	36
32		Melcei	74 73 88 76 100 79 	490		81.67	14
33		Tsyfu	68 99 84 60 69 76 	456		76.00	47
34		Dhma	62 69 91 62 66 68 	418		69.67	80
35		Qdqr	99 77 91 61 97 87 	512		85.33	4
36		Bywrk	65 73 77 79 91 68 	453		75.50	51
37		Oing	95 62 81 64 83 81 	466		77.67	35
38		Ypmvar	60 88 67 76 66 88 	445		74.17	59
39		Gamvsq	98 83 100 65 89 62 	497		82.83	8
40		Sypq	91 92 88 63 73 76 	483		80.50	19
41		Dzlrj	78 70 86 61 92 99 	486		81.00	16
42		Ahapv	68 97 72 86 82 68 	473		78.83	28
43		Pvbxxn	91 80 92 77 60 92 	492		82.00	10
44		Fgczer	88 82 68 68 92 62 	460		76.67	42
45		Avcnml	77 77 71 83 61 96 	465		77.50	37
46		Lyocv	89 64 91 83 78 75 	480		80.00	22
47		Mgvjdk	83 83 82 76 64 77 	465		77.50	38
48		Skwro	76 100 94 74 75 94 	513		85.50	3
49		Rsgtfv	67 73 65 90 62 71 	428		71.33	70
50		Juwxz	64 62 87 86 92 74 	465		77.50	39
51		Tgqqp	88 75 79 87 88 71 	488		81.33	15
52		Tpwd	99 84 70 71 88 79 	491		81.83	12
53		Udbl	85 92 72 67 88 90 	494		82.33	9
54		Hdfob	74 80 61 97 79 94 	485		80.83	18
55		Xnjq	73 78 79 64 97 72 	463		77.17	41
56		Wnwoi	86 68 82 78 86 71 	471		78.50	31
57		Xxnkn	85 64 88 84 82 89 	492		82.00	11
58		Psnxzs	80 76 70 88 79 83 	476		79.33	27
59		Vscu	70 66 71 88 60 70 	425		70.83	76
60		Neultq	86 60 64 75 89 82 	456		76.00	48
61		Rjypw	68 60 75 77 64 65 	409		68.17	83
62		Fcrz	60 76 61 87 62 64 	410		68.33	82
63		Bmusio	90 78 72 72 68 80 	460		76.67	43
64		Vkrb	79 77 63 74 81 85 	459		76.50	44
65		Uuevo	61 63 61 85 85 71 	426		71.00	73
66		Dlgh	60 89 80 77 75 77 	458		76.33	45
67		Zscrtp	78 61 85 72 60 79 	435		72.50	68
68		Xciba	60 67 63 84 78 69 	421		70.17	77
69		Dwyys	74 73 64 60 74 71 	416		69.33	81
70		Gsrlf	79 87 89 68 64 83 	470		78.33	32
71		Yjusm	80 71 62 72 82 89 	456		76.00	49
72		Bbyag	75 74 61 60 70 86 	426		71.00	74
73		Iayly	76 79 66 82 90 60 	453		75.50	52
74		Rbhxvy	70 74 67 88 90 81 	470		78.33	33
75		Zcai	69 89 61 80 83 61 	443		73.83	61
76		Wlfz	85 82 83 78 86 65 	479		79.83	25
77		Ztof	84 79 76 71 90 80 	480		80.00	23
78		Doncag	78 73 71 68 85 64 	439		73.17	63
79		Eahp	76 66 73 86 74 63 	438		73.00	64
80		Tfsr	77 60 69 72 62 69 	409		68.17	84
81		Ehornq	89 63 63 72 73 76 	436		72.67	66
82		Vpuagk	74 82 72 64 82 78 	452		75.33	54
83		Qhpwjy	72 82 76 90 80 83 	483		80.50	20
84		Iitazs	87 85 79 86 61 75 	473		78.83	29
85		Bgxqym	64 76 89 84 77 68 	458		76.33	46
86		Dqxj	73 64 64 79 70 71 	421		70.17	78
87		Rtjirv	76 67 65 81 69 62 	420		70.00	79
88		Jqncr	66 78 80 64 65 78 	431		71.83	69
89		Ivaquq	78 88 78 75 89 90 	498		83.00	7
90		Mlmdjv	65 67 77 71 85 72 	437		72.83	65
91		Pawx	65 88 81 69 72 89 	464		77.33	40
92		Izayo	71 60 71 66 84 89 	441		73.50	62
93		Fdacd	68 60 64 69 76 67 	404		67.33	85
94		Thfiur	82 69 87 90 63 62 	453		75.50	53
95		Psqgvn	77 77 79 80 87 73 	473		78.83	30
96		Enoh	68 77 85 65 77 74 	446		74.33	58
97		Ndkqf	67 75 62 82 79 71 	436		72.67	67
98		Ylrht	68 75 77 73 71 64 	428		71.33	71
99		Kmhbgx	64 72 87 74 69 79 	445		74.17	60
100		Mnqtc	89 81 76 89 87 60 	482		80.33	21

The latest Record added in:2019.10.28 16:51:48

